7 0 4 0 0 3 0 0 0
3 0 8 0 0 1 0 0 0
5 0 0 0 6 0 1 0 0
0 0 0 0 3 4 0 0 0
9 4 0 1 0 2 0 3 5
0 0 0 6 9 0 0 0 0
0 0 5 0 8 0 0 0 7
0 0 0 5 0 0 3 0 9
0 0 0 4 0 0 5 0 8


7 1 4 | 2 5 3 | 9 8 6 |
| 3 6 8 | 9 4 1 | 7 5 2 |
| 5 2 9 | 7 6 8 | 1 4 3 |
 ----------------------
| 2 5 7 | 8 3 4 | 6 9 1 |
| 9 4 6 | 1 7 2 | 8 3 5 |
| 8 3 1 | 6 9 5 | 2 7 4 |
 ----------------------
| 1 9 5 | 3 8 6 | 4 2 7 |
| 4 8 2 | 5 1 7 | 3 6 9 |
| 6 7 3 | 4 2 9 | 5 1 8 |
7   1   4   |  2   5   3   |  9   8   6   |  
3   6   8   |  9   4   1   |  7   5   2   |  
5   2   9   |  7   6   8   |  1   4   3   |  
____________________________________________
2   5   7   |  8   3   4   |  6   9   1   |  
9   4   6   |  1   7   2   |  8   3   5   |  
8   3   1   |  6   9   5   |  2   7   4   |  
____________________________________________
1   9   5   |  3   8   6   |  4   2   7   |  
4   8   2   |  5   1   7   |  3   6   9   |  
6   7   3   |  4   2   9   |  5   1   8   |  
____________________________________________
